0 TestExample1 0 0.995 0.004 0.959 0.048 
1 TestExample2 0 1.000 0.000 0.002 0.999 
0 TestExample1 0 0.995 0.004 0.989 0.012 
1 TestExample2 0 1.000 0.000 0.004 0.997 
0 TestExample1 0 0.996 0.007 0.977 0.024 
1 TestExample2 0 1.000 0.000 0.011 0.987 
0 TestExample1 0 0.048 0.937 0.995 0.004 
1 TestExample2 0 0.002 0.997 0.007 0.996 
0 TestExample1 0 0.269 0.757 0.962 0.035 
1 TestExample2 0 0.000 1.000 0.001 0.999 
0 TestExample1 0 0.005 0.993 0.896 0.081 
1 TestExample2 0 0.000 1.000 0.001 0.999 
0 TestExample1 0 1.000 0.000 0.003 0.998 
1 TestExample2 0 0.991 0.014 0.986 0.015 
0 TestExample1 0 1.000 0.000 0.001 0.999 
1 TestExample2 0 0.949 0.043 0.992 0.006 
0 TestExample1 0 1.000 0.000 0.003 0.996 
1 TestExample2 0 0.998 0.003 0.934 0.041 
0 TestExample1 0 0.000 1.000 0.001 0.999 
1 TestExample2 0 0.008 0.990 0.962 0.027 
0 TestExample1 0 0.000 1.000 0.002 0.997 
1 TestExample2 0 0.006 0.991 0.972 0.024 
0 TestExample1 0 0.000 1.000 0.001 0.999 
1 TestExample2 0 0.003 0.994 0.960 0.042 
0 TestExample1 0 0.996 0.003 0.972 0.032 
1 TestExample2 0 1.000 0.000 0.003 0.997 
0 TestExample1 0 0.949 0.069 0.989 0.010 
1 TestExample2 0 0.998 0.004 0.006 0.994 
0 TestExample1 0 0.998 0.003 0.967 0.052 
1 TestExample2 0 1.000 0.000 0.001 0.999 
0 TestExample1 0 0.001 0.999 0.951 0.054 
1 TestExample2 0 0.000 1.000 0.002 0.998 
0 TestExample1 0 0.061 0.956 0.994 0.005 
1 TestExample2 0 0.001 1.000 0.016 0.984 
0 TestExample1 0 0.014 0.983 0.993 0.006 
1 TestExample2 0 0.000 1.000 0.006 0.993 
0 TestExample1 0 0.003 0.996 0.966 0.066 
1 TestExample2 0 0.000 1.000 0.008 0.997 
0 TestExample1 0 0.011 0.984 0.991 0.009 
1 TestExample2 0 0.001 0.999 0.003 0.997 
0 TestExample1 0 0.012 0.980 0.987 0.013 
1 TestExample2 0 0.001 0.999 0.002 0.998 
0 TestExample1 0 0.003 0.996 0.967 0.044 
1 TestExample2 0 0.000 1.000 0.003 0.998 
0 TestExample1 0 0.017 0.981 0.994 0.005 
1 TestExample2 0 0.000 1.000 0.013 0.987 
0 TestExample1 0 0.013 0.986 0.990 0.007 
1 TestExample2 0 0.001 0.999 0.025 0.982 
0 TestExample1 0 0.010 0.985 0.980 0.015 
1 TestExample2 0 0.001 0.999 0.003 0.995 
0 TestExample1 0 0.008 0.994 0.978 0.026 
1 TestExample2 0 0.000 1.000 0.001 1.000 
0 TestExample1 0 0.020 0.985 0.948 0.053 
1 TestExample2 0 0.001 0.999 0.001 0.999 
0 TestExample1 0 0.021 0.952 0.981 0.021 
1 TestExample2 0 0.000 1.000 0.002 0.998 
0 TestExample1 0 0.014 0.986 0.975 0.012 
1 TestExample2 0 0.001 0.999 0.001 0.997 
0 TestExample1 0 0.024 0.978 0.991 0.016 
1 TestExample2 0 0.000 1.000 0.005 0.997 
0 TestExample1 0 0.019 0.981 0.979 0.020 
1 TestExample2 0 0.001 0.999 0.004 0.996 
0 TestExample1 0 0.015 0.990 0.995 0.005 
1 TestExample2 0 0.000 1.000 0.008 0.991 
0 TestExample1 0 0.021 0.988 0.997 0.008 
1 TestExample2 0 0.000 1.000 0.006 0.997 
0 TestExample1 0 0.009 0.989 0.996 0.004 
1 TestExample2 0 0.000 1.000 0.012 0.988 
0 TestExample1 0 0.007 0.990 0.978 0.035 
1 TestExample2 0 0.000 1.000 0.002 0.999 
0 TestExample1 0 0.012 0.989 0.970 0.031 
1 TestExample2 0 0.000 1.000 0.002 0.998 
0 TestExample1 0 0.003 0.996 0.972 0.022 
1 TestExample2 0 0.000 1.000 0.002 0.998 
0 TestExample1 0 0.019 0.975 0.997 0.002 
1 TestExample2 0 0.000 1.000 0.012 0.984 
0 TestExample1 0 0.998 0.002 0.002 0.998 
1 TestExample2 0 0.946 0.042 0.994 0.007 
0 TestExample1 0 1.000 0.000 0.002 0.997 
1 TestExample2 0 0.995 0.005 0.984 0.014 
0 TestExample1 0 0.999 0.001 0.002 0.997 
1 TestExample2 0 0.942 0.057 0.984 0.011 
0 TestExample1 0 0.001 0.999 0.005 0.996 
1 TestExample2 0 0.009 0.993 0.981 0.019 
0 TestExample1 0 0.001 0.999 0.002 0.998 
1 TestExample2 0 0.011 0.988 0.951 0.044 
0 TestExample1 0 0.002 0.998 0.011 0.992 
1 TestExample2 0 0.018 0.981 0.956 0.066 
0 TestExample1 0 0.978 0.017 0.995 0.007 
1 TestExample2 0 1.000 0.000 0.005 0.996 
0 TestExample1 0 0.949 0.037 0.999 0.001 
1 TestExample2 0 0.999 0.000 0.022 0.981 
0 TestExample1 0 0.975 0.018 0.999 0.002 
1 TestExample2 0 1.000 0.000 0.016 0.992 
0 TestExample1 0 0.001 0.997 0.987 0.015 
1 TestExample2 0 0.000 1.000 0.006 0.994 
0 TestExample1 0 0.017 0.989 0.998 0.002 
1 TestExample2 0 0.000 1.000 0.031 0.966 
0 TestExample1 0 0.008 0.994 0.994 0.008 
1 TestExample2 0 0.000 1.000 0.002 0.999 
0 TestExample1 0 0.999 0.001 0.010 0.993 
1 TestExample2 0 0.988 0.007 0.993 0.010 
0 TestExample1 0 0.999 0.001 0.003 0.997 
1 TestExample2 0 0.986 0.016 0.924 0.057 
0 TestExample1 0 0.999 0.000 0.002 0.998 
1 TestExample2 0 0.987 0.004 0.951 0.060 
0 TestExample1 0 0.003 0.997 1.000 0.000 
1 TestExample2 0 0.022 0.974 0.766 0.216 
0 TestExample1 0 0.002 0.998 1.000 0.000 
1 TestExample2 0 0.122 0.828 0.637 0.325 
0 TestExample1 0 0.002 0.998 1.000 0.000 
1 TestExample2 0 0.046 0.908 0.852 0.167 
0 TestExample1 0 0.993 0.005 1.000 0.000 
1 TestExample2 0 0.654 0.319 0.520 0.508 
0 TestExample1 0 0.979 0.027 1.000 0.000 
1 TestExample2 0 0.494 0.690 0.306 0.711 
0 TestExample1 0 0.972 0.027 1.000 0.000 
1 TestExample2 0 0.486 0.657 0.087 0.925 
0 TestExample1 0 0.565 0.375 0.147 0.872 
1 TestExample2 0 0.002 0.997 1.000 0.000 
0 TestExample1 0 0.150 0.880 0.439 0.598 
1 TestExample2 0 0.012 0.992 0.996 0.005 
0 TestExample1 0 0.131 0.922 0.792 0.275 
1 TestExample2 0 0.027 0.975 1.000 0.000 
0 TestExample1 0 0.377 0.432 0.159 0.877 
1 TestExample2 0 0.996 0.004 1.000 0.000 
0 TestExample1 0 0.980 0.023 0.454 0.567 
1 TestExample2 0 0.999 0.001 0.999 0.000 
0 TestExample1 0 0.972 0.036 0.183 0.550 
1 TestExample2 0 0.998 0.002 0.999 0.000 
0 TestExample1 0 0.003 0.997 1.000 0.000 
1 TestExample2 0 0.022 0.985 0.725 0.208 
0 TestExample1 0 0.002 0.997 0.999 0.001 
1 TestExample2 0 0.127 0.882 0.089 0.928 
0 TestExample1 0 0.004 0.998 1.000 0.000 
1 TestExample2 0 0.026 0.976 0.720 0.225 
0 TestExample1 0 0.992 0.008 0.999 0.000 
1 TestExample2 0 0.542 0.406 0.619 0.265 
0 TestExample1 0 0.999 0.001 1.000 0.000 
1 TestExample2 0 0.947 0.078 0.923 0.070 
0 TestExample1 0 0.997 0.003 1.000 0.000 
1 TestExample2 0 0.967 0.040 0.406 0.459 
0 TestExample1 0 0.008 0.995 0.837 0.198 
1 TestExample2 0 0.000 1.000 1.000 0.000 
0 TestExample1 0 0.025 0.973 0.755 0.166 
1 TestExample2 0 0.002 0.998 1.000 0.000 
0 TestExample1 0 0.022 0.973 0.876 0.085 
1 TestExample2 0 0.001 0.999 1.000 0.000 
0 TestExample1 0 0.891 0.160 0.436 0.499 
1 TestExample2 0 0.996 0.003 1.000 0.000 
0 TestExample1 0 0.611 0.790 0.435 0.584 
1 TestExample2 0 0.984 0.015 1.000 0.000 
0 TestExample1 0 0.969 0.014 0.605 0.427 
1 TestExample2 0 0.996 0.003 1.000 0.000 
0 TestExample1 0 0.077 0.934 1.000 0.000 
1 TestExample2 0 0.392 0.719 0.284 0.662 
0 TestExample1 0 0.068 0.922 0.999 0.001 
1 TestExample2 0 0.770 0.216 0.097 0.888 
0 TestExample1 0 0.015 0.988 0.999 0.001 
1 TestExample2 0 0.065 0.943 0.334 0.640 
0 TestExample1 0 0.999 0.002 1.000 0.000 
1 TestExample2 0 0.498 0.482 0.480 0.539 
0 TestExample1 0 0.995 0.007 0.999 0.000 
1 TestExample2 0 0.780 0.155 0.207 0.659 
0 TestExample1 0 0.979 0.020 1.000 0.000 
1 TestExample2 0 0.616 0.518 0.412 0.680 
0 TestExample1 0 0.840 0.129 0.131 0.906 
1 TestExample2 0 0.047 0.945 0.997 0.003 
0 TestExample1 0 0.419 0.539 0.609 0.371 
1 TestExample2 0 0.015 0.988 0.999 0.001 
0 TestExample1 0 0.675 0.439 0.443 0.533 
1 TestExample2 0 0.009 0.991 1.000 0.000 
0 TestExample1 0 0.999 0.001 0.994 0.009 
1 TestExample2 0 0.999 0.001 1.000 0.000 
0 TestExample1 0 0.833 0.098 0.470 0.643 
1 TestExample2 0 0.988 0.007 0.999 0.002 
0 TestExample1 0 0.979 0.019 0.525 0.598 
1 TestExample2 0 0.991 0.010 1.000 0.000 
0 TestExample1 0 0 TestExample1 0 0 TestExample1 0 