0 TestExample1 0 0 TestExample1 0 0.998 0.001 0.863 0.127 
1 TestExample2 0 1.000 0.000 0.000 1.000 
0 TestExample1 0 0.976 0.014 0.981 0.016 
1 TestExample2 0 0.999 0.001 0.004 0.994 
0 TestExample1 0 0.987 0.012 0.996 0.002 
1 TestExample2 0 1.000 0.000 0.009 0.987 
0 TestExample1 0 0.042 0.944 0.991 0.008 
1 TestExample2 0 0.001 0.998 0.002 0.999 
0 TestExample1 0 0.015 0.985 0.998 0.002 
1 TestExample2 0 0.000 1.000 0.008 0.991 
0 TestExample1 0 0.001 0.999 0.967 0.031 
1 TestExample2 0 0.000 1.000 0.003 0.997 
0 TestExample1 0 1.000 0.000 0.003 0.998 
1 TestExample2 0 0.995 0.005 0.996 0.006 
0 TestExample1 0 0.999 0.001 0.001 0.999 
1 TestExample2 0 0.905 0.081 0.990 0.006 
0 TestExample1 0 1.000 0.000 0.001 0.999 
1 TestExample2 0 0.972 0.026 0.970 0.018 
0 TestExample1 0 0.000 1.000 0.004 0.997 
1 TestExample2 0 0.002 0.998 0.977 0.024 
0 TestExample1 0 0.000 1.000 0.001 0.998 
1 TestExample2 0 0.007 0.993 0.986 0.013 
0 TestExample1 0 0.000 1.000 0.000 1.000 
1 TestExample2 0 0.021 0.984 0.986 0.010 
0 TestExample1 0 0.972 0.017 0.965 0.013 
1 TestExample2 0 1.000 0.000 0.006 0.992 
0 TestExample1 0 0.984 0.014 0.937 0.055 
1 TestExample2 0 0.999 0.000 0.007 0.993 
0 TestExample1 0 0.978 0.026 0.985 0.011 
1 TestExample2 0 1.000 0.000 0.002 0.997 
0 TestExample1 0 0.002 0.999 0.946 0.050 
1 TestExample2 0 0.000 1.000 0.003 0.997 
0 TestExample1 0 0.022 0.975 0.985 0.014 
1 TestExample2 0 0.000 0.999 0.001 0.999 
0 TestExample1 0 0.006 0.996 0.914 0.138 
1 TestExample2 0 0.004 0.998 0.015 0.983 
0 TestExample1 0 1.000 0.000 0.008 0.992 
1 TestExample2 0 0.998 0.002 0.988 0.009 
0 TestExample1 0 1.000 0.000 0.002 0.998 
1 TestExample2 0 0.973 0.017 0.990 0.009 
0 TestExample1 0 1.000 0.000 0.002 0.999 
1 TestExample2 0 0.992 0.010 0.965 0.040 
0 TestExample1 0 0.000 1.000 0.003 0.998 
1 TestExample2 0 0.036 0.953 0.995 0.007 
0 TestExample1 0 0.001 0.999 0.002 0.998 
1 TestExample2 0 0.038 0.962 0.978 0.029 
0 TestExample1 0 0.000 1.000 0.004 0.995 
1 TestExample2 0 0.015 0.974 0.995 0.006 
0 TestExample1 0 0.970 0.016 0.984 0.013 
1 TestExample2 0 1.000 0.000 0.017 0.968 
0 TestExample1 0 0.977 0.029 0.992 0.008 
1 TestExample2 0 1.000 0.001 0.001 0.999 
0 TestExample1 0 0.980 0.021 0.992 0.007 
1 TestExample2 0 1.000 0.000 0.001 0.999 
0 TestExample1 0 0.006 0.993 0.992 0.007 
1 TestExample2 0 0.001 0.999 0.009 0.988 
0 TestExample1 0 0.010 0.993 0.989 0.011 
1 TestExample2 0 0.000 1.000 0.004 0.994 
0 TestExample1 0 0.087 0.899 0.948 0.076 
1 TestExample2 0 0.001 0.999 0.001 0.999 
0 TestExample1 0 1.000 0.000 0.002 0.998 
1 TestExample2 0 0.983 0.015 0.994 0.007 
0 TestExample1 0 0.997 0.001 0.003 0.995 
1 TestExample2 0 0.981 0.018 0.985 0.008 
0 TestExample1 0 1.000 0.001 0.002 0.999 
1 TestExample2 0 0.992 0.009 0.976 0.027 
0 TestExample1 0 0.000 1.000 0.011 0.983 
1 TestExample2 0 0.019 0.982 0.993 0.006 
0 TestExample1 0 0.000 1.000 0.001 0.999 
1 TestExample2 0 0.036 0.959 0.988 0.016 
0 TestExample1 0 0.001 0.999 0.004 0.993 
1 TestExample2 0 0.027 0.977 0.993 0.005 
0 TestExample1 0 0.001 0.998 1.000 0.000 
1 TestExample2 0 0.041 0.925 0.533 0.430 
0 TestExample1 0 0.004 0.994 1.000 0.000 
1 TestExample2 0 0.021 0.946 0.629 0.307 
0 TestExample1 0 0.003 0.996 1.000 0.000 
1 TestExample2 0 0.068 0.930 0.907 0.061 
0 TestExample1 0 0.996 0.003 0.998 0.001 
1 TestExample2 0 0.401 0.498 0.030 0.971 
0 TestExample1 0 0.990 0.008 0.999 0.001 
1 TestExample2 0 0.912 0.065 0.651 0.450 
0 TestExample1 0 0.998 0.001 1.000 0.000 
1 TestExample2 0 0.780 0.207 0.689 0.493 
0 TestExample1 0 0.370 0.570 0.195 0.782 
1 TestExample2 0 0.003 0.997 0.999 0.000 
0 TestExample1 0 0.026 0.982 0.686 0.274 
1 TestExample2 0 0.002 0.998 1.000 0.000 
0 TestExample1 0 0.098 0.933 0.760 0.326 
1 TestExample2 0 0.002 0.998 0.999 0.001 
0 TestExample1 0 0.626 0.221 0.115 0.765 
1 TestExample2 0 0.998 0.002 1.000 0.000 
0 TestExample1 0 0.933 0.072 0.460 0.620 
1 TestExample2 0 0.997 0.003 1.000 0.000 
0 TestExample1 0 0.985 0.011 0.721 0.506 
1 TestExample2 0 0.994 0.005 0.999 0.001 
0 TestExample1 0 0.004 0.996 1.000 0.000 
1 TestExample2 0 0.086 0.887 0.402 0.581 
0 TestExample1 0 0.003 0.998 0.999 0.001 
1 TestExample2 0 0.076 0.919 0.936 0.061 
0 TestExample1 0 0.003 0.998 0.999 0.000 
1 TestExample2 0 0.216 0.733 0.471 0.389 
0 TestExample1 0 0.987 0.012 1.000 0.000 
1 TestExample2 0 0.877 0.187 0.977 0.019 
0 TestExample1 0 0.996 0.004 0.999 0.001 
1 TestExample2 0 0.953 0.080 0.444 0.525 
0 TestExample1 0 0.997 0.003 1.000 0.000 
1 TestExample2 0 0.698 0.261 0.193 0.697 
0 TestExample1 0 0.058 0.931 0.820 0.124 
1 TestExample2 0 0.003 0.996 1.000 0.000 
0 TestExample1 0 0.440 0.634 0.161 0.832 
1 TestExample2 0 0.011 0.994 0.999 0.001 
0 TestExample1 0 0.085 0.917 0.582 0.458 
1 TestExample2 0 0.001 0.998 1.000 0.000 
0 TestExample1 0 0.067 0.922 0.390 0.736 
1 TestExample2 0 0.991 0.006 0.999 0.001 
0 TestExample1 0 0.317 0.566 0.165 0.793 
1 TestExample2 0 0.995 0.006 0.998 0.001 
0 TestExample1 0 0.821 0.264 0.147 0.930 
1 TestExample2 0 0.999 0.001 0.999 0.001 
0 TestExample1 0 0.007 0.995 0.999 0.001 
1 TestExample2 0 0.027 0.986 0.139 0.871 
0 TestExample1 0 0.030 0.982 1.000 0.000 
1 TestExample2 0 0.316 0.767 0.343 0.658 
0 TestExample1 0 0.051 0.959 1.000 0.000 
1 TestExample2 0 0.285 0.671 0.929 0.057 
0 TestExample1 0 0.990 0.015 1.000 0.000 
1 TestExample2 0 0.378 0.619 0.285 0.759 
0 TestExample1 0 0.997 0.003 1.000 0.000 
1 TestExample2 0 0.941 0.037 0.485 0.331 
0 TestExample1 0 0.990 0.011 0.999 0.002 
1 TestExample2 0 0.663 0.259 0.281 0.761 
0 TestExample1 0 0.069 0.947 0.772 0.174 
1 TestExample2 0 0.001 0.999 1.000 0.000 
0 TestExample1 0 0.015 0.983 0.910 0.124 
1 TestExample2 0 0.001 0.999 0.999 0.001 
0 TestExample1 0 0.007 0.993 0.718 0.325 
1 TestExample2 0 0.000 1.000 1.000 0.000 
0 TestExample1 0 0.720 0.314 0.916 0.081 
1 TestExample2 0 0.986 0.022 1.000 0.000 
0 TestExample1 0 0.985 0.044 0.687 0.429 
1 TestExample2 0 0.998 0.002 0.999 0.001 
0 TestExample1 0 0.991 0.009 0.985 0.010 
1 TestExample2 0 0.996 0.005 1.000 0.000 
